21513299	731.2410290209791
23933986	346.1613374979977
23933989	339.7970421208272
23934048	306.2158731308746
23934131	302.8616172708181
23937213	290.8630952761919
21515805	248.36051852741895
21515742	236.86725958022674
21515803	231.15844839867682
21515707	229.77776959440428
21515771	223.51844481490193
21515941	218.27400330139702
21515862	213.57965855479807
21515782	209.07484042766586
21515684	208.22317111522128
21515801	207.78158652999994
21511313	201.13923454425716
21515809	198.85002997242685
21512481	198.78321630755454
21515691	195.21781484178635
21515804	194.68388552044578
21515750	193.64223713869902
23934123	191.5185354255338
21515005	189.63013450325826
21515785	187.18999665808295
21515811	184.496383767878
21515991	181.86449209849144
21515628	180.8993775841521
21515753	178.3737692853434
23934073	177.83884369018918
21515261	177.56930703052961
21515088	173.3450986494907
21510348	173.2974724532918
21512477	172.7694701773225
21515796	171.92984066546506
21515953	170.29870379739583
21515961	169.86561894582195
21514907	167.17993630759094
21510341	165.46498955891565
21515737	162.45141216268155
21514921	159.50094052461833
21515917	158.71631468310852
21515438	157.9058002504747
21515712	157.81517152349153
21515987	157.5580516494402
21515108	153.30871141197125
21515812	153.14937064697028
21515396	151.86538587783
21515770	151.5909941055652
21515210	150.3191793824324
21514860	150.1533001117285
21512479	149.81767513035578
21515096	145.99977593948802
21515793	145.63418833715238
21515969	145.37081131111333
21515844	145.25561203736197
21515918	143.84315094733628
21515741	143.28683475472485
21515806	142.54408344616456
21515668	141.02418629986084
21515644	140.2719183434969
21515810	140.23896454068193
21515294	140.10076652532499
21515997	139.87435207882814
40485674	137.20349752379266
21515766	136.58021925441048
21515732	136.5493457311032
21515713	135.89001889156043
21515523	135.49177932333458
40485673	133.9590431404116
21515998	132.6661392172802
21515797	131.98327502163025
21515721	131.56746265956997
21510344	131.09430372898376
21515267	131.07540131676467
21514976	130.69528325857615
21511305	130.43834578634358
21514948	129.15688849702192
21515690	128.98577490114303
21514970	128.6675100493743
21515440	127.61312161752818
21515682	127.57194052877159
21515993	126.73923792447003
21515672	125.47913494588408
21515421	125.19371080899325
21515985	124.71414788591568
21514906	124.36395489781908
21514910	123.79372102097497
21515701	123.43157974798085
21515359	122.76680767369228
21515094	122.2329438849482
21515726	121.80369903213195
40485672	121.64921406288697
21515717	121.50007810883193
21515415	120.66577029755916
24891384	119.63127629535245
21515679	119.57384502800225
21515641	119.28928790085007
21514926	119.25667640993403
21515380	118.49700043429296
